0.2606726390
0.2072180670
0.2032866070
0.1992893790
0.1973122770
0.1973122770
0.1973122770
0.1973122770
0.1973122770
0.1973122770
0.1973122770
0.1973122770
0.1973122770
0.1973122770
0.1973122770
0.1973122770
0.1973122770
0.1973122770
0.1973122770
0.2530113210
0.2530113210
0.2530113210
0.2530113210
0.2530113210
0.3086767710
0.3086767710
0.3643037969
0.3643037969
0.3643037969
0.3643037969
0.4199784969
0.2106316700
0.2106316700
0.2068320340
0.2028348060
0.2009354680
0.2009354680
0.2009354680
0.2009354680
0.2009354680
0.2009354680
0.2009354680
0.2009354680
0.2009354680
0.2009354680
0.2009354680
0.2009354680
0.2009354680
0.2009354680
0.2009354680
0.2566496760
0.2566496760
0.2566496760
0.2566496760
0.2566496760
0.3123958040
0.3123958040
0.3681007859
0.3681007859
0.3681007859
0.3681007859
0.4237486479
0.2069226900
0.2069226900
0.2069226900
0.2029254620
0.2010261240
0.2010261240
0.2010261240
0.2010261240
0.2010261240
0.2010261240
0.2010261240
0.2010261240
0.2010261240
0.2010261240
0.2010261240
0.2010261240
0.2010261240
0.2010261240
0.2010261240
0.2567220340
0.2567220340
0.2567220340
0.2567220340
0.2567220340
0.3124681620
0.3124681620
0.3681731439
0.3681731439
0.3681731439
0.3681731439
0.4238210059
0.2030211400
0.2030211400
0.2030211400
0.2030211400
0.2011218020
0.2011218020
0.2011218020
0.2011218020
0.2011218020
0.2011218020
0.2011218020
0.2011218020
0.2011218020
0.2011218020
0.2011218020
0.2011218020
0.2011218020
0.2011218020
0.2011218020
0.2568177120
0.2568177120
0.2568177120
0.2568177120
0.2568177120
0.3125024860
0.3125024860
0.3682074679
0.3682074679
0.3682074679
0.3682074679
0.4238553299
0.2011941600
0.2011941600
0.2011941600
0.2011941600
0.2011941600
0.2011941600
0.2011941600
0.2011941600
0.2011941600
0.2011941600
0.2011941600
0.2011941600
0.2011941600
0.2011941600
0.2011941600
0.2011941600
0.2011941600
0.2011941600
0.2011941600
0.2568900700
0.2568900700
0.2568900700
0.2568900700
0.2568900700
0.3125748440
0.3125748440
0.3682798259
0.3682798259
0.3682798259
0.3682798259
0.4239276879
0.2011941600
0.2011941600
0.2011941600
0.2011941600
0.2011941600
0.2011941600
0.2011941600
0.2011941600
0.2011941600
0.2011941600
0.2011941600
0.2011941600
0.2011941600
0.2011941600
0.2011941600
0.2011941600
0.2011941600
0.2011941600
0.2011941600
0.2568900700
0.2568900700
0.2568900700
0.2568900700
0.2568900700
0.3125748440
0.3125748440
0.3682798259
0.3682798259
0.3682798259
0.3682798259
0.4239276879
0.2011941600
0.2011941600
0.2011941600
0.2011941600
0.2011941600
0.2011941600
0.2011941600
0.2011941600
0.2011941600
0.2011941600
0.2011941600
0.2011941600
0.2011941600
0.2011941600
0.2011941600
0.2011941600
0.2011941600
0.2011941600
0.2011941600
0.2568900700
0.2568900700
0.2568900700
0.2568900700
0.2568900700
0.3125748440
0.3125748440
0.3682798259
0.3682798259
0.3682798259
0.3682798259
0.4239276879
0.2011941600
0.2011941600
0.2011941600
0.2011941600
0.2011941600
0.2011941600
0.2011941600
0.2011941600
0.2011941600
0.2011941600
0.2011941600
0.2011941600
0.2011941600
0.2011941600
0.2011941600
0.2011941600
0.2011941600
0.2011941600
0.2011941600
0.2568900700
0.2568900700
0.2568900700
0.2568900700
0.2568900700
0.3125748440
0.3125748440
0.3682798259
0.3682798259
0.3682798259
0.3682798259
0.4239276879
0.2011941600
0.2011941600
0.2011941600
0.2011941600
0.2011941600
0.2011941600
0.2011941600
0.2011941600
0.2011941600
0.2011941600
0.2011941600
0.2011941600
0.2011941600
0.2011941600
0.2011941600
0.2011941600
0.2011941600
0.2011941600
0.2011941600
0.2568900700
0.2568900700
0.2568900700
0.2568900700
0.2568900700
0.3125748440
0.3125748440
0.3682798259
0.3682798259
0.3682798259
0.3682798259
0.4239276879
0.2011941600
0.2011941600
0.2011941600
0.2011941600
0.2011941600
0.2011941600
0.2011941600
0.2011941600
0.2011941600
0.2011941600
0.2011941600
0.2011941600
0.2011941600
0.2011941600
0.2011941600
0.2011941600
0.2011941600
0.2011941600
0.2011941600
0.2568900700
0.2568900700
0.2568900700
0.2568900700
0.2568900700
0.3125748440
0.3125748440
0.3682798259
0.3682798259
0.3682798259
0.3682798259
0.4239276879
0.2011941600
0.2011941600
0.2011941600
0.2011941600
0.2011941600
0.2011941600
0.2011941600
0.2011941600
0.2011941600
0.2011941600
0.2011941600
0.2011941600
0.2011941600
0.2011941600
0.2011941600
0.2011941600
0.2011941600
0.2011941600
0.2011941600
0.2568900700
0.2568900700
0.2568900700
0.2568900700
0.2568900700
0.3125748440
0.3125748440
0.3682798259
0.3682798259
0.3682798259
0.3682798259
0.4239276879
0.2011941600
0.2011941600
0.2011941600
0.2011941600
0.2011941600
0.2011941600
0.2011941600
0.2011941600
0.2011941600
0.2011941600
0.2011941600
0.2011941600
0.2011941600
0.2011941600
0.2011941600
0.2011941600
0.2011941600
0.2011941600
0.2011941600
0.2568900700
0.2568900700
0.2568900700
0.2568900700
0.2568900700
0.3125748440
0.3125748440
0.3682798259
0.3682798259
0.3682798259
0.3682798259
0.4239276879
0.2011941600
0.2011941600
0.2011941600
0.2011941600
0.2011941600
0.2011941600
0.2011941600
0.2011941600
0.2011941600
0.2011941600
0.2011941600
0.2011941600
0.2011941600
0.2011941600
0.2011941600
0.2011941600
0.2011941600
0.2011941600
0.2011941600
0.2568900700
0.2568900700
0.2568900700
0.2568900700
0.2568900700
0.3125748440
0.3125748440
0.3682798259
0.3682798259
0.3682798259
0.3682798259
0.4239276879
0.2011941600
0.2011941600
0.2011941600
0.2011941600
0.2011941600
0.2011941600
0.2011941600
0.2011941600
0.2011941600
0.2011941600
0.2011941600
0.2011941600
0.2011941600
0.2011941600
0.2011941600
0.2011941600
0.2011941600
0.2011941600
0.2011941600
0.2568900700
0.2568900700
0.2568900700
0.2568900700
0.2568900700
0.3125748440
0.3125748440
0.3682798259
0.3682798259
0.3682798259
0.3682798259
0.4239276879
0.2011941600
0.2011941600
0.2011941600
0.2011941600
0.2011941600
0.2011941600
0.2011941600
0.2011941600
0.2011941600
0.2011941600
0.2011941600
0.2011941600
0.2011941600
0.2011941600
0.2011941600
0.2011941600
0.2011941600
0.2011941600
0.2011941600
0.2568900700
0.2568900700
0.2568900700
0.2568900700
0.2568900700
0.3125748440
0.3125748440
0.3682798259
0.3682798259
0.3682798259
0.3682798259
0.4239276879
0.2011941600
0.2011941600
0.2011941600
0.2011941600
0.2011941600
0.2011941600
0.2011941600
0.2011941600
0.2011941600
0.2011941600
0.2011941600
0.2011941600
0.2011941600
0.2011941600
0.2011941600
0.2011941600
0.2011941600
0.2011941600
0.2011941600
0.2568900700
0.2568900700
0.2568900700
0.2568900700
0.2568900700
0.3125748440
0.3125748440
0.3682798259
0.3682798259
0.3682798259
0.3682798259
0.4239276879
0.2011941600
0.2011941600
0.2011941600
0.2011941600
0.2011941600
0.2011941600
0.2011941600
0.2011941600
0.2011941600
0.2011941600
0.2011941600
0.2011941600
0.2011941600
0.2011941600
0.2011941600
0.2011941600
0.2011941600
0.2011941600
0.2011941600
0.2568900700
0.2568900700
0.2568900700
0.2568900700
0.2568900700
0.3125748440
0.3125748440
0.3682798259
0.3682798259
0.3682798259
0.3682798259
0.4239276879
0.2011941600
0.2011941600
0.2011941600
0.2011941600
0.2011941600
0.2011941600
0.2011941600
0.2011941600
0.2011941600
0.2011941600
0.2011941600
0.2011941600
0.2011941600
0.2011941600
0.2011941600
0.2011941600
0.2011941600
0.2011941600
0.2011941600
0.2568900700
0.2568900700
0.2568900700
0.2568900700
0.2568900700
0.3125748440
0.3125748440
0.3682798259
0.3682798259
0.3682798259
0.3682798259
0.4239276879
0.2011941600
0.2011941600
0.2011941600
0.2011941600
0.2011941600
0.2011941600
0.2011941600
0.2011941600
0.2011941600
0.2011941600
0.2011941600
0.2011941600
0.2011941600
0.2011941600
0.2011941600
0.2011941600
0.2011941600
0.2011941600
0.2011941600
0.2568900700
0.2568900700
0.2568900700
0.2568900700
0.2568900700
0.3125748440
0.3125748440
0.3682798259
0.3682798259
0.3682798259
0.3682798259
0.4239276879
3.5002948300
3.5002948300
3.5002948300
3.5002948300
3.5002948300
3.5002948300
3.5002948300
3.5002948300
3.5002948300
3.5002948300
3.5002948300
3.5002948300
3.5002948300
3.5002948300
3.5002948300
3.5002948300
3.5002948300
3.5002948300
3.5002948300
3.5002948300
3.5002948300
3.5002948300
3.5002948300
3.5002948300
3.5559796040
3.5559796040
3.6116845860
3.6116845860
3.6116845860
3.6116845860
3.6673324484
3.5002948300
3.5002948300
3.5002948300
3.5002948300
3.5002948300
3.5002948300
3.5002948300
3.5002948300
3.5002948300
3.5002948300
3.5002948300
3.5002948300
3.5002948300
3.5002948300
3.5002948300
3.5002948300
3.5002948300
3.5002948300
3.5002948300
3.5002948300
3.5002948300
3.5002948300
3.5002948300
3.5002948300
3.5559796040
3.5559796040
3.6116845860
3.6116845860
3.6116845860
3.6116845860
3.6673324484
3.5002948300
3.5002948300
3.5002948300
3.5002948300
3.5002948300
3.5002948300
3.5002948300
3.5002948300
3.5002948300
3.5002948300
3.5002948300
3.5002948300
3.5002948300
3.5002948300
3.5002948300
3.5002948300
3.5002948300
3.5002948300
3.5002948300
3.5002948300
3.5002948300
3.5002948300
3.5002948300
3.5002948300
3.5559796040
3.5559796040
3.6116845860
3.6116845860
3.6116845860
3.6116845860
3.6673324484
3.5002948300
3.5002948300
3.5002948300
3.5002948300
3.5002948300
3.5002948300
3.5002948300
3.5002948300
3.5002948300
3.5002948300
3.5002948300
3.5002948300
3.5002948300
3.5002948300
3.5002948300
3.5002948300
3.5002948300
3.5002948300
3.5002948300
3.5002948300
3.5002948300
3.5002948300
3.5002948300
3.5002948300
3.5559796040
3.5559796040
3.6116845860
3.6116845860
3.6116845860
3.6116845860
3.6673324484
3.5002948300
3.5002948300
3.5002948300
3.5002948300
3.5002948300
3.5002948300
3.5002948300
3.5002948300
3.5002948300
3.5002948300
3.5002948300
3.5002948300
3.5002948300
3.5002948300
3.5002948300
3.5002948300
3.5002948300
3.5002948300
3.5002948300
3.5002948300
3.5002948300
3.5002948300
3.5002948300
3.5002948300
3.5559796040
3.5559796040
3.6116845860
3.6116845860
3.6116845860
3.6116845860
3.6673324484
6.7987572723
6.7987572723
6.7987572723
6.7987572723
6.7987572723
6.7987572723
6.7987572723
6.7987572723
6.7987572723
6.7987572723
6.7987572723
6.7987572723
6.7987572723
6.7987572723
6.7987572723
6.7987572723
6.7987572723
6.7987572723
6.7987572723
6.7987572723
6.7987572723
6.7987572723
6.7987572723
6.7987572723
6.7987572723
6.7987572723
6.8544622547
6.8544622547
6.8544622547
6.8544622547
6.9101101166
6.7987572723
6.7987572723
6.7987572723
6.7987572723
6.7987572723
6.7987572723
6.7987572723
6.7987572723
6.7987572723
6.7987572723
6.7987572723
6.7987572723
6.7987572723
6.7987572723
6.7987572723
6.7987572723
6.7987572723
6.7987572723
6.7987572723
6.7987572723
6.7987572723
6.7987572723
6.7987572723
6.7987572723
6.7987572723
6.7987572723
6.8544622547
6.8544622547
6.8544622547
6.8544622547
6.9101101166
10.0983778757
10.0983778757
10.0983778757
10.0983778757
10.0983778757
10.0983778757
10.0983778757
10.0983778757
10.0983778757
10.0983778757
10.0983778757
10.0983778757
10.0983778757
10.0983778757
10.0983778757
10.0983778757
10.0983778757
10.0983778757
10.0983778757
10.0983778757
10.0983778757
10.0983778757
10.0983778757
10.0983778757
10.0983778757
10.0983778757
10.0983778757
10.0983778757
10.0983778757
10.0983778757
10.1540257376
10.0983778757
10.0983778757
10.0983778757
10.0983778757
10.0983778757
10.0983778757
10.0983778757
10.0983778757
10.0983778757
10.0983778757
10.0983778757
10.0983778757
10.0983778757
10.0983778757
10.0983778757
10.0983778757
10.0983778757
10.0983778757
10.0983778757
10.0983778757
10.0983778757
10.0983778757
10.0983778757
10.0983778757
10.0983778757
10.0983778757
10.0983778757
10.0983778757
10.0983778757
10.0983778757
10.1540257376
10.0983778757
10.0983778757
10.0983778757
10.0983778757
10.0983778757
10.0983778757
10.0983778757
10.0983778757
10.0983778757
10.0983778757
10.0983778757
10.0983778757
10.0983778757
10.0983778757
10.0983778757
10.0983778757
10.0983778757
10.0983778757
10.0983778757
10.0983778757
10.0983778757
10.0983778757
10.0983778757
10.0983778757
10.0983778757
10.0983778757
10.0983778757
10.0983778757
10.0983778757
10.0983778757
10.1540257376
10.0983778757
10.0983778757
10.0983778757
10.0983778757
10.0983778757
10.0983778757
10.0983778757
10.0983778757
10.0983778757
10.0983778757
10.0983778757
10.0983778757
10.0983778757
10.0983778757
10.0983778757
10.0983778757
10.0983778757
10.0983778757
10.0983778757
10.0983778757
10.0983778757
10.0983778757
10.0983778757
10.0983778757
10.0983778757
10.0983778757
10.0983778757
10.0983778757
10.0983778757
10.0983778757
10.1540257376
13.3947247957
13.3947247957
13.3947247957
13.3947247957
13.3947247957
13.3947247957
13.3947247957
13.3947247957
13.3947247957
13.3947247957
13.3947247957
13.3947247957
13.3947247957
13.3947247957
13.3947247957
13.3947247957
13.3947247957
13.3947247957
13.3947247957
13.3947247957
13.3947247957
13.3947247957
13.3947247957
13.3947247957
13.3947247957
13.3947247957
13.3947247957
13.3947247957
13.3947247957
13.3947247957
13.3947247957
