0.3936079190
0.2197012690
0.2197012690
0.2197012690
0.2197012690
0.2197012690
0.2197012690
0.2197012690
0.2197012690
0.2197012690
0.2197012690
0.2197012690
0.2197012690
0.2197012690
0.2197012690
0.2197012690
0.2197012690
0.2197012690
0.2197012690
0.2197012690
0.2197012690
0.2197012690
0.2197012690
0.2752996310
0.3308955930
0.5532825131
0.6644711250
0.7200608470
0.7200608470
0.7200608470
0.7200608470
0.4484178689
0.4484178689
0.4484178689
0.4484178689
0.4484178689
0.4484178689
0.4484178689
0.4484178689
0.4484178689
0.4484178689
0.4484178689
0.4484178689
0.4484178689
0.4484178689
0.4484178689
0.4484178689
0.4484178689
0.4484178689
0.4484178689
0.4484178689
0.4484178689
0.4484178689
0.4484178689
0.5041137310
0.5598071930
0.7825839210
0.8939675329
0.9496547549
0.9496547549
0.9496547549
0.9496547549
0.4484178689
0.4484178689
0.4484178689
0.4484178689
0.4484178689
0.4484178689
0.4484178689
0.4484178689
0.4484178689
0.4484178689
0.4484178689
0.4484178689
0.4484178689
0.4484178689
0.4484178689
0.4484178689
0.4484178689
0.4484178689
0.4484178689
0.4484178689
0.4484178689
0.4484178689
0.4484178689
0.5041137310
0.5598071930
0.7825839210
0.8939675329
0.9496547549
0.9496547549
0.9496547549
0.9496547549
0.4484178689
0.4484178689
0.4484178689
0.4484178689
0.4484178689
0.4484178689
0.4484178689
0.4484178689
0.4484178689
0.4484178689
0.4484178689
0.4484178689
0.4484178689
0.4484178689
0.4484178689
0.4484178689
0.4484178689
0.4484178689
0.4484178689
0.4484178689
0.4484178689
0.4484178689
0.4484178689
0.5041137310
0.5598071930
0.7825839210
0.8939675329
0.9496547549
0.9496547549
0.9496547549
0.9496547549
0.4484178689
0.4484178689
0.4484178689
0.4484178689
0.4484178689
0.4484178689
0.4484178689
0.4484178689
0.4484178689
0.4484178689
0.4484178689
0.4484178689
0.4484178689
0.4484178689
0.4484178689
0.4484178689
0.4484178689
0.4484178689
0.4484178689
0.4484178689
0.4484178689
0.4484178689
0.4484178689
0.5041137310
0.5598071930
0.7825839210
0.8939675329
0.9496547549
0.9496547549
0.9496547549
0.9496547549
0.4484178689
0.4484178689
0.4484178689
0.4484178689
0.4484178689
0.4484178689
0.4484178689
0.4484178689
0.4484178689
0.4484178689
0.4484178689
0.4484178689
0.4484178689
0.4484178689
0.4484178689
0.4484178689
0.4484178689
0.4484178689
0.4484178689
0.4484178689
0.4484178689
0.4484178689
0.4484178689
0.5041137310
0.5598071930
0.7825839210
0.8939675329
0.9496547549
0.9496547549
0.9496547549
0.9496547549
0.4484178689
0.4484178689
0.4484178689
0.4484178689
0.4484178689
0.4484178689
0.4484178689
0.4484178689
0.4484178689
0.4484178689
0.4484178689
0.4484178689
0.4484178689
0.4484178689
0.4484178689
0.4484178689
0.4484178689
0.4484178689
0.4484178689
0.4484178689
0.4484178689
0.4484178689
0.4484178689
0.5041137310
0.5598071930
0.7825839210
0.8939675329
0.9496547549
0.9496547549
0.9496547549
0.9496547549
0.4484178689
0.4484178689
0.4484178689
0.4484178689
0.4484178689
0.4484178689
0.4484178689
0.4484178689
0.4484178689
0.4484178689
0.4484178689
0.4484178689
0.4484178689
0.4484178689
0.4484178689
0.4484178689
0.4484178689
0.4484178689
0.4484178689
0.4484178689
0.4484178689
0.4484178689
0.4484178689
0.5041137310
0.5598071930
0.7825839210
0.8939675329
0.9496547549
0.9496547549
0.9496547549
0.9496547549
0.4484178689
0.4484178689
0.4484178689
0.4484178689
0.4484178689
0.4484178689
0.4484178689
0.4484178689
0.4484178689
0.4484178689
0.4484178689
0.4484178689
0.4484178689
0.4484178689
0.4484178689
0.4484178689
0.4484178689
0.4484178689
0.4484178689
0.4484178689
0.4484178689
0.4484178689
0.4484178689
0.5041137310
0.5598071930
0.7825839210
0.8939675329
0.9496547549
0.9496547549
0.9496547549
0.9496547549
0.4484178689
0.4484178689
0.4484178689
0.4484178689
0.4484178689
0.4484178689
0.4484178689
0.4484178689
0.4484178689
0.4484178689
0.4484178689
0.4484178689
0.4484178689
0.4484178689
0.4484178689
0.4484178689
0.4484178689
0.4484178689
0.4484178689
0.4484178689
0.4484178689
0.4484178689
0.4484178689
0.5041137310
0.5598071930
0.7825839210
0.8939675329
0.9496547549
0.9496547549
0.9496547549
0.9496547549
0.4484178689
0.4484178689
0.4484178689
0.4484178689
0.4484178689
0.4484178689
0.4484178689
0.4484178689
0.4484178689
0.4484178689
0.4484178689
0.4484178689
0.4484178689
0.4484178689
0.4484178689
0.4484178689
0.4484178689
0.4484178689
0.4484178689
0.4484178689
0.4484178689
0.4484178689
0.4484178689
0.5041137310
0.5598071930
0.7825839210
0.8939675329
0.9496547549
0.9496547549
0.9496547549
0.9496547549
0.4484178689
0.4484178689
0.4484178689
0.4484178689
0.4484178689
0.4484178689
0.4484178689
0.4484178689
0.4484178689
0.4484178689
0.4484178689
0.4484178689
0.4484178689
0.4484178689
0.4484178689
0.4484178689
0.4484178689
0.4484178689
0.4484178689
0.4484178689
0.4484178689
0.4484178689
0.4484178689
0.5041137310
0.5598071930
0.7825839210
0.8939675329
0.9496547549
0.9496547549
0.9496547549
0.9496547549
0.4484178689
0.4484178689
0.4484178689
0.4484178689
0.4484178689
0.4484178689
0.4484178689
0.4484178689
0.4484178689
0.4484178689
0.4484178689
0.4484178689
0.4484178689
0.4484178689
0.4484178689
0.4484178689
0.4484178689
0.4484178689
0.4484178689
0.4484178689
0.4484178689
0.4484178689
0.4484178689
0.5041137310
0.5598071930
0.7825839210
0.8939675329
0.9496547549
0.9496547549
0.9496547549
0.9496547549
0.4484178689
0.4484178689
0.4484178689
0.4484178689
0.4484178689
0.4484178689
0.4484178689
0.4484178689
0.4484178689
0.4484178689
0.4484178689
0.4484178689
0.4484178689
0.4484178689
0.4484178689
0.4484178689
0.4484178689
0.4484178689
0.4484178689
0.4484178689
0.4484178689
0.4484178689
0.4484178689
0.5041137310
0.5598071930
0.7825839210
0.8939675329
0.9496547549
0.9496547549
0.9496547549
0.9496547549
0.4484178689
0.4484178689
0.4484178689
0.4484178689
0.4484178689
0.4484178689
0.4484178689
0.4484178689
0.4484178689
0.4484178689
0.4484178689
0.4484178689
0.4484178689
0.4484178689
0.4484178689
0.4484178689
0.4484178689
0.4484178689
0.4484178689
0.4484178689
0.4484178689
0.4484178689
0.4484178689
0.5041137310
0.5598071930
0.7825839210
0.8939675329
0.9496547549
0.9496547549
0.9496547549
0.9496547549
0.4484178689
0.4484178689
0.4484178689
0.4484178689
0.4484178689
0.4484178689
0.4484178689
0.4484178689
0.4484178689
0.4484178689
0.4484178689
0.4484178689
0.4484178689
0.4484178689
0.4484178689
0.4484178689
0.4484178689
0.4484178689
0.4484178689
0.4484178689
0.4484178689
0.4484178689
0.4484178689
0.5041137310
0.5598071930
0.7825839210
0.8939675329
0.9496547549
0.9496547549
0.9496547549
0.9496547549
0.4484178689
0.4484178689
0.4484178689
0.4484178689
0.4484178689
0.4484178689
0.4484178689
0.4484178689
0.4484178689
0.4484178689
0.4484178689
0.4484178689
0.4484178689
0.4484178689
0.4484178689
0.4484178689
0.4484178689
0.4484178689
0.4484178689
0.4484178689
0.4484178689
0.4484178689
0.4484178689
0.5041137310
0.5598071930
0.7825839210
0.8939675329
0.9496547549
0.9496547549
0.9496547549
0.9496547549
0.4484178689
0.4484178689
0.4484178689
0.4484178689
0.4484178689
0.4484178689
0.4484178689
0.4484178689
0.4484178689
0.4484178689
0.4484178689
0.4484178689
0.4484178689
0.4484178689
0.4484178689
0.4484178689
0.4484178689
0.4484178689
0.4484178689
0.4484178689
0.4484178689
0.4484178689
0.4484178689
0.5041137310
0.5598071930
0.7825839210
0.8939675329
0.9496547549
0.9496547549
0.9496547549
0.9496547549
0.4484178689
0.4484178689
0.4484178689
0.4484178689
0.4484178689
0.4484178689
0.4484178689
0.4484178689
0.4484178689
0.4484178689
0.4484178689
0.4484178689
0.4484178689
0.4484178689
0.4484178689
0.4484178689
0.4484178689
0.4484178689
0.4484178689
0.4484178689
0.4484178689
0.4484178689
0.4484178689
0.5041137310
0.5598071930
0.7825839210
0.8939675329
0.9496547549
0.9496547549
0.9496547549
0.9496547549
0.4484178689
0.4484178689
0.4484178689
0.4484178689
0.4484178689
0.4484178689
0.4484178689
0.4484178689
0.4484178689
0.4484178689
0.4484178689
0.4484178689
0.4484178689
0.4484178689
0.4484178689
0.4484178689
0.4484178689
0.4484178689
0.4484178689
0.4484178689
0.4484178689
0.4484178689
0.4484178689
0.5041137310
0.5598071930
0.7825839210
0.8939675329
0.9496547549
0.9496547549
0.9496547549
0.9496547549
0.4484178689
0.4484178689
0.4484178689
0.4484178689
0.4484178689
0.4484178689
0.4484178689
0.4484178689
0.4484178689
0.4484178689
0.4484178689
0.4484178689
0.4484178689
0.4484178689
0.4484178689
0.4484178689
0.4484178689
0.4484178689
0.4484178689
0.4484178689
0.4484178689
0.4484178689
0.4484178689
0.5041137310
0.5598071930
0.7825839210
0.8939675329
0.9496547549
0.9496547549
0.9496547549
0.9496547549
0.4484178689
0.4484178689
0.4484178689
0.4484178689
0.4484178689
0.4484178689
0.4484178689
0.4484178689
0.4484178689
0.4484178689
0.4484178689
0.4484178689
0.4484178689
0.4484178689
0.4484178689
0.4484178689
0.4484178689
0.4484178689
0.4484178689
0.4484178689
0.4484178689
0.4484178689
0.4484178689
0.5041137310
0.5598071930
0.7825839210
0.8939675329
0.9496547549
0.9496547549
0.9496547549
0.9496547549
0.4484178689
0.4484178689
0.4484178689
0.4484178689
0.4484178689
0.4484178689
0.4484178689
0.4484178689
0.4484178689
0.4484178689
0.4484178689
0.4484178689
0.4484178689
0.4484178689
0.4484178689
0.4484178689
0.4484178689
0.4484178689
0.4484178689
0.4484178689
0.4484178689
0.4484178689
0.4484178689
0.5041137310
0.5598071930
0.7825839210
0.8939675329
0.9496547549
0.9496547549
0.9496547549
0.9496547549
3.7475157887
3.7475157887
3.7475157887
3.7475157887
3.7475157887
3.7475157887
3.7475157887
3.7475157887
3.7475157887
3.7475157887
3.7475157887
3.7475157887
3.7475157887
3.7475157887
3.7475157887
3.7475157887
3.7475157887
3.7475157887
3.7475157887
3.7475157887
3.7475157887
3.7475157887
3.7475157887
3.7475157887
3.8032092508
4.0259859792
4.1373695911
4.1930568132
4.1930568132
4.1930568132
4.1930568132
7.0464761596
7.0464761596
7.0464761596
7.0464761596
7.0464761596
7.0464761596
7.0464761596
7.0464761596
7.0464761596
7.0464761596
7.0464761596
7.0464761596
7.0464761596
7.0464761596
7.0464761596
7.0464761596
7.0464761596
7.0464761596
7.0464761596
7.0464761596
7.0464761596
7.0464761596
7.0464761596
7.0464761596
7.0464761596
7.2692528876
7.3806364995
7.4363237216
7.4363237216
7.4363237216
7.4363237216
20.2424826963
20.2424826963
20.2424826963
20.2424826963
20.2424826963
20.2424826963
20.2424826963
20.2424826963
20.2424826963
20.2424826963
20.2424826963
20.2424826963
20.2424826963
20.2424826963
20.2424826963
20.2424826963
20.2424826963
20.2424826963
20.2424826963
20.2424826963
20.2424826963
20.2424826963
20.2424826963
20.2424826963
20.2424826963
20.2424826963
20.3538663090
20.4095535314
20.4095535314
20.4095535314
20.4095535314
26.8402136156
26.8402136156
26.8402136156
26.8402136156
26.8402136156
26.8402136156
26.8402136156
26.8402136156
26.8402136156
26.8402136156
26.8402136156
26.8402136156
26.8402136156
26.8402136156
26.8402136156
26.8402136156
26.8402136156
26.8402136156
26.8402136156
26.8402136156
26.8402136156
26.8402136156
26.8402136156
26.8402136156
26.8402136156
26.8402136156
26.8402136156
26.8959008375
26.8959008375
26.8959008375
26.8959008375
30.1388163556
30.1388163556
30.1388163556
30.1388163556
30.1388163556
30.1388163556
30.1388163556
30.1388163556
30.1388163556
30.1388163556
30.1388163556
30.1388163556
30.1388163556
30.1388163556
30.1388163556
30.1388163556
30.1388163556
30.1388163556
30.1388163556
30.1388163556
30.1388163556
30.1388163556
30.1388163556
30.1388163556
30.1388163556
30.1388163556
30.1388163556
30.1388163556
30.1388163556
30.1388163556
30.1388163556
30.1388163556
30.1388163556
30.1388163556
30.1388163556
30.1388163556
30.1388163556
30.1388163556
30.1388163556
30.1388163556
30.1388163556
30.1388163556
30.1388163556
30.1388163556
30.1388163556
30.1388163556
30.1388163556
30.1388163556
30.1388163556
30.1388163556
30.1388163556
30.1388163556
30.1388163556
30.1388163556
30.1388163556
30.1388163556
30.1388163556
30.1388163556
30.1388163556
30.1388163556
30.1388163556
30.1388163556
30.1388163556
30.1388163556
30.1388163556
30.1388163556
30.1388163556
30.1388163556
30.1388163556
30.1388163556
30.1388163556
30.1388163556
30.1388163556
30.1388163556
30.1388163556
30.1388163556
30.1388163556
30.1388163556
30.1388163556
30.1388163556
30.1388163556
30.1388163556
30.1388163556
30.1388163556
30.1388163556
30.1388163556
30.1388163556
30.1388163556
30.1388163556
30.1388163556
30.1388163556
30.1388163556
30.1388163556
30.1388163556
30.1388163556
30.1388163556
30.1388163556
30.1388163556
30.1388163556
30.1388163556
30.1388163556
30.1388163556
30.1388163556
30.1388163556
30.1388163556
30.1388163556
30.1388163556
30.1388163556
30.1388163556
30.1388163556
30.1388163556
30.1388163556
30.1388163556
30.1388163556
30.1388163556
30.1388163556
30.1388163556
30.1388163556
30.1388163556
30.1388163556
30.1388163556
30.1388163556
30.1388163556
30.1388163556
