0.2607854300
0.2559152120
0.2489814280
0.2304117690
0.2022010260
0.2024486160
0.2026962060
0.2029437960
0.2031913860
0.2034389760
0.2036865660
0.2039341560
0.2041817460
0.2044293360
0.2046769260
0.2049245160
0.2051721060
0.2054196960
0.2056672860
0.2059148760
0.2061624660
0.2064100560
0.2066576460
0.2069052360
0.2071528260
0.2074004160
0.2076480060
0.2078955960
0.2081431860
0.2083907760
0.2086383660
0.2088859560
0.2091335460
0.2093811360
0.2096287260
0.2098763160
0.2101239060
0.2103714960
0.2106190860
0.2108666760
0.2111142660
0.2113618560
0.2116094460
0.2118570360
0.2121046260
0.2123522160
0.2125998060
0.2128473960
0.2130949860
0.2133425760
0.2135901660
