0.6934801680
0.6960723450
0.6987456120
0.7014215820
0.7040975520
0.7067762250
0.7094521950
0.7121281650
0.7148041350
0.7174801050
0.7201560750
0.7228320450
0.7255080150
0.7281839850
0.7308599550
0.7335359250
0.7362118950
0.7388878650
0.7415638350
0.7442398050
0.7469130720
0.7495890420
0.7522650120
0.7549409820
0.7576169520
0.7602929220
0.7629688920
0.7656448620
0.7683208320
0.7709968020
0.7736727720
0.7763487420
0.7790247120
0.7817006820
0.7843766520
0.7870526220
0.7897285920
0.7924045620
0.7950805320
0.7977565020
0.8004324720
0.8031084420
0.8057844120
0.8084603820
0.8111363520
0.8138123220
0.8164882920
0.8191642620
0.8218402320
0.8245162020
0.8271921720
