0.6979953200
0.6997882530
0.7015312760
0.7026792370
0.7032023760
0.7034456460
0.7036889160
0.7039321860
0.7041754560
0.7044187260
0.7046619960
0.7049052660
0.7051485360
0.7053918060
0.7056350760
0.7058783460
0.7061216160
0.7063648860
0.7066081560
0.7068514260
0.7070946960
0.7073379660
0.7075812360
0.7078245060
0.7080677760
0.7083110460
0.7085543160
0.7087975860
0.7090408560
0.7092841260
0.7095273960
0.7097706660
0.7100139360
0.7102572060
0.7105004760
0.7107437460
0.7109870160
0.7112302860
0.7114735560
0.7117168260
0.7119600960
0.7122033660
0.7124466360
0.7126899060
0.7129331760
0.7131764460
0.7134197160
0.7136629860
0.7139062560
0.7141495260
0.7143927960
