0.3685548779
0.3711930869
0.3739138259
0.3766373159
0.3793608059
0.3820870469
0.3848105369
0.3875340269
0.3902575169
0.3929810069
0.3957044969
0.3984279869
0.4011514769
0.4038749669
0.4065984569
0.4093219469
0.4120454369
0.4147689269
0.4174924169
0.4202159069
0.4229366459
0.4256601359
0.4283836259
0.4311071159
0.4338306059
0.4365540959
0.4392775859
0.4420010759
0.4447245659
0.4474480559
0.4501715459
0.4528950359
0.4556185259
0.4583420159
0.4610655059
0.4637889959
0.4665124859
0.4692359759
0.4719594659
0.4746829559
0.4774064459
0.4801299359
0.4828534259
0.4855769159
0.4883004059
0.4910238959
0.4937473859
0.4964708759
0.4991943659
0.5019178559
0.5046413459
