0
0.2607854300
1
0.2559152120
2
0.2489814280
3
0.2304117690
4
0.2022010260
5
0.2024486160
6
0.2026962060
7
0.2029437960
8
0.2031913860
9
0.2034389760
10
0.2036865660
11
0.2039341560
12
0.2041817460
13
0.2044293360
14
0.2046769260
15
0.2049245160
16
0.2051721060
17
0.2054196960
18
0.2056672860
19
0.2059148760
20
0.2061624660
21
0.2064100560
22
0.2066576460
23
0.2069052360
24
0.2071528260
25
0.2074004160
26
0.2076480060
27
0.2078955960
28
0.2081431860
29
0.2083907760
30
0.2086383660
31
0.2088859560
32
0.2091335460
33
0.2093811360
34
0.2096287260
35
0.2098763160
36
0.2101239060
37
0.2103714960
38
0.2106190860
39
0.2108666760
40
0.2111142660
41
0.2113618560
42
0.2116094460
43
0.2118570360
44
0.2121046260
45
0.2123522160
46
0.2125998060
47
0.2128473960
48
0.2130949860
49
0.2133425760
50
0.2135901660
